0.20 0.20 0.20 0.20 0.20
0.13 0.04 0.42 0.37 0.04
0.32 0.22 0.23 0.09 0.14
0.25 0.12 0.08 0.09 0.46
0.01 0.04 0.67 0.13 0.15
0.11 0.27 0.12 0.40 0.10
0.09 0.29 0.05 0.52 0.05
0.15 0.15 0.24 0.42 0.04
0.05 0.05 0.01 0.47 0.42
0.71 0.13 0.03 0.07 0.06
0.06 0.26 0.07 0.46 0.15
0.47 0.11 0.01 0.25 0.16
0.02 0.10 0.49 0.02 0.37
0.45 0.29 0.08 0.14 0.04
0.05 0.23 0.03 0.58 0.11
0.06 0.25 0.09 0.07 0.53
0.27 0.36 0.11 0.09 0.17
0.21 0.48 0.10 0.06 0.15
0.08 0.12 0.19 0.33 0.28
0.27 0.06 0.14 0.29 0.24
0.01 0.27 0.05 0.50 0.17
0.03 0.14 0.01 0.31 0.51
0.23 0.01 0.09 0.61 0.06
0.30 0.11 0.11 0.45 0.03
0.14 0.25 0.05 0.41 0.15
0.18 0.08 0.56 0.02 0.16
0.12 0.18 0.05 0.46 0.19
0.17 0.20 0.17 0.16 0.30
0.72 0.02 0.03 0.20 0.03
0.10 0.24 0.03 0.52 0.11
0.04 0.09 0.45 0.04 0.38
0.13 0.16 0.31 0.25 0.15
0.38 0.04 0.11 0.17 0.30
0.07 0.06 0.25 0.52 0.10
0.15 0.31 0.31 0.20 0.03
0.12 0.44 0.23 0.08 0.13
0.02 0.66 0.27 0.03 0.02
0.21 0.43 0.12 0.01 0.23
0.26 0.31 0.26 0.12 0.05
0.33 0.03 0.22 0.27 0.15
0.09 0.43 0.14 0.23 0.11
0.11 0.15 0.53 0.02 0.19
0.10 0.27 0.28 0.33 0.02
0.11 0.44 0.19 0.04 0.22
0.43 0.06 0.34 0.05 0.12
0.04 0.17 0.34 0.27 0.18
0.29 0.28 0.24 0.11 0.08
0.22 0.38 0.06 0.31 0.03
0.03 0.03 0.14 0.57 0.23
0.61 0.06 0.06 0.22 0.05
0.09 0.09 0.22 0.47 0.13
0.29 0.15 0.01 0.09 0.46
0.61 0.09 0.22 0.04 0.04
0.26 0.17 0.43 0.04 0.10
0.24 0.16 0.39 0.09 0.12
0.05 0.03 0.37 0.13 0.42
0.15 0.03 0.10 0.48 0.24
0.09 0.05 0.16 0.58 0.12
0.36 0.36 0.02 0.10 0.16
0.07 0.17 0.31 0.17 0.28
0.39 0.29 0.16 0.04 0.12
0.35 0.17 0.34 0.13 0.01
0.03 0.40 0.49 0.02 0.06
0.46 0.20 0.29 0.03 0.02
0.44 0.41 0.05 0.07 0.03
0.05 0.03 0.08 0.63 0.21
0.13 0.11 0.23 0.15 0.38
0.06 0.38 0.08 0.01 0.47
0.49 0.25 0.05 0.19 0.02
0.31 0.05 0.24 0.37 0.03
0.09 0.05 0.02 0.18 0.66
0.01 0.46 0.05 0.13 0.35
0.08 0.06 0.17 0.14 0.55
0.45 0.09 0.26 0.03 0.17
0.04 0.28 0.01 0.66 0.01
0.14 0.67 0.02 0.09 0.08
0.05 0.05 0.08 0.10 0.72
0.15 0.05 0.52 0.02 0.26
0.12 0.13 0.06 0.07 0.62
0.02 0.50 0.14 0.07 0.27